0000000000000000000000000000000000000000000000000000000000000000000000000000000000000000000000000000000000000000000000000000000000000000000000
0000000000000000000000000000000000000000000000000000000000000000000000000000000000000000000000000000000000000000000000000000000000000000000000
0000010000000000000000000010000000000000000000000001000000000000100000000000000000000000000010000000000000000000000000000000000000000000000000
0000000000000000000000000000000000000000100000010000000000000000000000000000000000001000000000000000000000010000000000000010010000100000010000
0000000000000000001000000000100000000000000000000000000001000000000000000000001000000000000000010000000000000000000000000000000000000000000000
0000000000010000000000000000000000100000000010000000000000000000000000000100000000000000000000000000000000000000000000000000001000000000000000
0000000000000100000000000000000000000000000000000000100000000000000000000000000000000000000000000000000000000000000000000000000000000000000000
0000100000000000001000000100000000001000000000000000000000010000000000000000000000000000001000000000010000000000000100000100000000000000000000
0000000000000000000000000000000000000000001000000010000000000000000001000000000000000000000000000000000000000000000000000000000000000000010000
0000000000000000000000010000000000000000000000000000000000000000000000000000000000000000000000000000000000100010000000000000000000100000000000
0000000100000000000000000000000000000000000000000010010000010000001000000000001000010000000000000001000000000000000000010000000000000000000000
0000010000000000000000000000100000010000000001000000000000000000000000001000000000000000010000000000000000000000000000000000001000000000000000
0000000000000000000100000100000000000000000000000000000000100000000000000001000000000000000000000000000001000010000000000000100000000000000000
0000000000000000000000000000000000000000000000000000000000000010000000000000000000000000000000001000000000000000000000000000000001000000000000
0000000000000100000000000000000000010000000000000000000000000000000000000000000000000000000000000000000000000000000000000010000000000000000000
0000000100000000000000000001000000000000000010000000000010000000000000000000000000000010000000000000000100001000001000000000000000100000000000
0000010000000000000000000000000000000001000000000000000000000000000000000000000010000000000010000000000000000000000000000000000000000000000000
0000000000000000000000100000000000000000000000000000001000000000100010000000010000000000000000000000000001000001000000000000000000000000000000
0000010000000000000000000000000000000000000001000000000000000000000000000000000000000000000000000000000000000000000000000000000000000010000000
0000000000001000000000000000000000000100000000000000000000001000000000000000000000000000010000000001000000000000100000000000000000000000000000
0000000000000000000000000000000000000000000000000000000100000000000000000000000000000000000000000000000000100000000000000000000000000000000000
0000000000000000010000000000000100000000000000000000000000000000000000000010000000000000000000000000000000000000000001000000001000010000000000
0000000000000000000000000000000000000000000001000000000000000000000000000000000001000000000000000001000000000000100000000000000000000000000000
0000001000010000000000000000000000000000000000000000000000000000000000000000000000000000100000001000000000000000000000000000000001000000010000
0000000000000000000000100000001001000000000000100001000000000000100000000000000000000000000000000000001000100000000000000000000000010000000000
0000010000000000000000000000000000000000000000000000000000000000000000100000000000000000000000000000000000000000010000000100000000000000000000
0000000000000000000010000000000000000000000000000000000000000000000000000000000000100010000000000000000000000000000000000000000010000000100000
0000000000010000000000000000100000000100000001000100010000100000000000010000000000000000000000000100000000000000000000000000000000000000000000
0000000100000000000000000000000000000000000000000000000000000000000010000000000000000000000000100000000000000000000001000000000000000000000000
0000000000000000000000000000000000000000000000000000000000000000000000000000001000000000000000000000000000000001000000000000000000000000000000
0000000000010000000010000000000000000000100000000000000000000000000000000000000001000100001000001000000000000000000000000000000000000000000000
0000000000000000000000000000000000100000000010000000000000000000000000000010000000000000000000000000000001000000000000000000100100000010000000
0000010000000001000000010000000000000000000000000000000000010000000000000000000000000000000000000000000000000010000000000000000000000000000000
0000000000000000000000000000000000000000000000000000000100000000000000000000100001000000001000000000000000000000000100100000000000000000000000
0000000000000000000000000000000000000000100001000000000000000000001000000000000000000000000000000000000001000000000000000000000000000000000000
0000000000000000000000000000000000000000000000000000000000000001000000001000000000000000000000000000100000000000000000001000000000000000000000
0000000000000100000001000000000010010000000010000000010000000000000000000000000000000000000001000000000000000010000000000000000000000000000000
0000000100000000000000000000000000000000000000000000000000000000000000100000000000010000000000000000000000000000001000000000000000010000010000
0000000000000000000000000000000000000000000000000000000000000000000000000000001000000000000000000010000000000000100000000000000000000000000000
0000000000000000000000000000000000000000001000000010000000000000000000000000000000000000010000000000000010000000000100100000000000000000000000
0000000010000000000000000001000000000000000000000000000000000000000000010000000000000000000000000000000000000000000000000001000000100010000000
0000000000100000001000000000000000100000000000000000000000001000000000000000010000010000000000000000000000000000000000000000000000000000000000
0000000000000000000010000000000000000000100000000000000000000000001000000000000000000000000010000000001000000000010000000000000000000000000000
0000000000000000000000100000000000000000000000000000100000001000000000000000000000000000001000000000000000000000000000000001000000000000000000
0000001000000000000000000000000000000000000000000000000000000000000000000000001000000000000000000000000000000000000000100000000010000000000000
0000000000000000100000000000000000000000000000000000000000000000000000000000000000000000000000000000001000000010000000000000000000000000000000
0000000000000000001000000000000001000000001000000000000100000000000000010000000000100000000000100100000000000000000000000000000000000000000000
0000000100000000000000001000000000000000000000000010000000100000000000000000000000000000010000000000000100000000000000000000000100000000000000
0000000000000000100000000000000010000000000000000000000000001000000000000000000000000000000000000000000000100000000000000000000000000100000000
0000000000000000000000000000000000000010000000000000000100000000000000000000000000000000000000000000000000000010000000000100000000000000000000
0000000000000000000010000000010000000000000000000000000000000000000000000000000000000000000001000100000000000000000000000000000000000000000000
0000000000000000000000000000000000000000000000000100000000000000000100000000000001000001000000000000000010000000000000000000000000000000000000
0000001000000000000000000000000000000000000100000000000000000000000000000100000000000000010000000000000000000000000000000010000000001000000000
0000000000000100000000100000000010000000000000000000000000000000000000000000001000000000000000000000000000000000000001000000100000000000000000
0000000000000000000000000000000000000000000000010000000000000000000000000000000000100000000000010000000000000010000000000000000000000000000000
0000000000000000000000000000001000000000000100000000001000000000000000000000000000000000000000000000000000000000000000000000000000000000010000
0000000000000000000000000000000000000000100000000000000000000000010000000000000000000000000000000000000000000000000000000000000010000000000000
0000000000001000000000000000000000000000000000000000000000100100000000000000000100000010000000000000010001000000000000010010000000000000000000
0000000000000000000001000000000000000000000000000000000000000000000001000000000000000000000000000000000000000000000000000000000000000100000000
0000001010000000000000000010000000000000000001000001000000000000000000000000000000000000000000000000000000000000000000000000000000000000000000
0000100000000000100000000000000000100000010000000000000000000100000000000000000001000010000000000001000000000000000100000000000000000000000000
0000000000001000000000000000000000000000000000000000000010000000000000000000000000000000010000000000000000010000000000001000000000000000000000
0000000001000000100001000000000000000001000000010010000000000000000000000000001000000000000000000001000000000000000000000000000100000001000000
0000000000000000000000000000000000000000000000000000000000000001000000000000000000000000000000000000000000001000000000000000000000000000000000
0000100000000000000000000000000000000000000000000000100000000000000001000100000000000000000000000000000000000000000000001000000000000100100000
0000000000000000000000000000000000000000000000010000000000000000000000000000000000000000000100000001000000000000010000000000001000000000000000
0000000000000000000000000000000000010000000000000000000000000000000000000000001000000001000000000000000000000000000000000001000000000000000000
0000000000000000000000000000000000000000000000100000000010000000001000000000000000000000000000000000000000000000000000000000000000000000010000
0000000010000000000000000000001000000000000000000000100000000000000000000001000000000000100000000000000001000000100000000000000000000000000000
0000100000000010000000000000000000000010000000000000000000000001000000000000000000000000000000001000000000000000000000000000010000000000000000
0000000000000000000000000000000000000000000001000000000000000000000000000010000100000000000000000000000000000000000000000000000000000000000000
0000000000100000000001000001000000000000000000000000100000000000000000000000000000000000010000000001000000000000000010000000000000100000000000
0000000000000001000000000000000000000000001000001000000000000000001000000000000000000100000000000000000000000000000000000000001000000000000000
0000000100000000000000010000000010000000000000000000000000000000000000000000000000000000000000010000000000010000100000000000100000000000000000
0000000000000000000000000000000000000100000000000000100000000000000001000000100000000000000000000000001000000000000000000000000000000000010000
0000000000000010000000010000000000000000000000010000000000010000000000000000000000100000000000000000000000000000000000100000000000000000000000
0000000000000000000000000000100010000000000000000000000000000000000000000000010000000010000000000000000000000010000000000000000000000010000000
0000000000000000000000000000000000000000000010000000000010000000000000000000000000000000000010000000000010000000000000001000000000000000000000
0000010000000000000001000000000000010000000000000000000000001000000000000000000000000000000000000000000000000000000010000000000000000000000000
0000000000000000000000000000000000000000000000100000000000000000000001000000000010000000000000000000000000000001000000000000000000100000000000
0000000000000001000000000000000000100000000000000001000000000000001000000000000000001000000000000000001000000000000000000000000000000000000000
0000000000000000000000000000000000000000000000000000000000000000000000000100000000000000000010000000000000000000000001000000000000000000000000
0000000000000000001000000000100000000000000000000000000010000000000000000000000000000000000000000010000100000100000000000001000000100010000000
0000100000000000000000000000000000000000000001000001000000000000000000000000100001000000000000000000000000000000010000000000000000000000000000
0000000000000000000000000000000000000101000000000000000000000000000000010000000100000000010000000000000000000000000001000000001000000000000000
0000000000000000000010000000000000000000000000000000000000000001000000000000000000000000000000000000000000000000010000000000000000000100000000
0000000100001000000000000000000000000000000000000000000010000000000100000000000000000000000000000000000001000000000000000000000000000000010000
0000000000000000000000000100000100000001000000000001000000000000000000001000000000010000000001000000000000010000000000000000100000000000000000
0000000000000010000000000000010000000000000000000000000000000000000000000000000000000000000000000000000000000000000000000000000000100000000000
0000000000000000000001000000000000000000000000000000000000000000000000000000001000000000000000000000000000000000010000001000000000001000000000
0000000000000000000000000000000001000000000101000000000000001000000010000100000000000000000000000001000000000000000000000000000000000000000000
0000000000000000000000000100001000000000000000000000010000000000000000000000000000000000010001000000000010000010100000000000000000000000000000
0000000000000000000000000000000000000000000000000000000000000001000000000000000000000000000000000000000000000000000000000000010100000010000000
0000000000000000000000000000000000000000000000000000000000000000000000000000000000000000000000000000100000000000000000000000000000000000000000
0000000000001000000000000010000000000000000000000000000000000010000000000000000000000000000000000000000000000010000000000000000000010000000000
0000000000000000000000000000000000000000000000000000000000000000000000000000000000010000001000010000000000000000000000000000000010000000000000
0000000100000000000000100000000010010000000001000000000000000001000000100001000000000100000000000000010000000100010000010000000000000000000000
0000000000000000000000000000000000000000000000000000010000000000000000000000000000000000000000000000000000000000000000000000000000010000100000
0000000000000000000000000000000000000000000001000000000000000000000000000000000000000000000000000000000000000000000000000001000000000000000000
0000000001000100000010000000000000010000000000000001000000001000000010000100001000000000100000001000000000000000000010000000000000000000000000
0000000000000000000000000000001000000000000000000000000000000000000000000000000000000000001000000000000000000000000000001000000000000000000000
0000010000000000000000000000000000000000000000000000000000000000000000000000000000000000000000000000000000010000000010000000000100000000000000
0000000000000000001000000000000000000001000000010000000000000000000000000000000000000000000000000000000000000000000000000000000001000000000000
0000000000000000000000000000001000000000000000000000000000000000000000000000001000100000000100010000000000000000000000000000000000000000000000
0000001000000000000000000100000010000010000000000000000000000000000000000000000000000000000000000000000000000000000000000000000000000000000000
0000000000000001000100000000000000000000000000000100000010000000000001000000000000000000000000000000000000000100000000000010000000010001000000
0000000000000000000000001000000000000000000000000000000000000100000000000000000000100001000000000000000000000000000010000000010000000000000000
0000000000001000000000000000000000000000010000000000000000000000000000000000000000000000000000001000000000001000000000000100000000000000000000
0000000000000000000000000001000000000100000000000000000000100000000100000100000000000000000000000000001000000000000000000000000000000001000000
0000000000000000000000000000000000000000000000001000000000000000000001000000000100000010000100000000000000000000000010000000000000000000000000
0000000100000000000001000001000000000000000000000000000000000010000000000000000000000000000000001000000000000000000000000001000001000000000000
0000000000000001000000000000000000000000000000000000000000000000000000000000000000000000000000000000000000000010000000000000000000000000000000
0000000000000000000000000000000001000000000000000000000000000000000000000000000000000000001000000000010000000000000000000000000000000000000000
0000000000000000000000000000100000000000010000000000000100000000000000000010000000000000000000000000000000000000000000000000000000001000010000
0000000000000001000000000000000000000000000000000000000000000000000000000000000000000000000000000000000001000000000000001000000100000000000000
0000000000010000000000000000000000000000000000000100000000000000010000100000000100000000000000010000000000000100010000000000000000000000000000
0000100000000000000000000000000000000000000000000000000100000000000000000010000000000000000000000000000000000000000000000000000000000000000000
0000000000000000100000010000000000000000000000000000000000000000000000000000000001000000000000000000100000100000000000000000000000000000000000
0000000000000000000000000000100001000000000000000000000000100000001000000000000000000000000000000000000000000000100000010000010000000000000000
0000100100000000000000000000000000000000000000001000000000000000000000000000000001000000010000000000000000000000000000000000000000000000000000
0000000000000000000000000000000000000000000000000000000000000000000000000000000000000000000000000000000000000000000000000000010000000010000000
0000000000000000000010000000000000000000000000010000001000000100000000010000000000100000000000000000000100000000000000000000000000000000000000
0000000000000000000000000000000010001000000000000000000000000000000000000000000000000000000000000000000000000000000000001000000000000000000000
0000000000000001000000000000000000000000010000000000000000000000000000000000000000000000000000000100000000000000000000000000001010000000000000
0000010000000000000100000000000000000000000000000000000000000000000000010000000000000000000000000000001000001000000000000000000000000000000000
0000000000000000000000000000000000000000000000001000000000000000010000000000000000000000001000000000000000000000000001000000000000000000000000
0000000000000000000000000000000100000000000000000000010000010000000000000100000100000000000000001000000000000100000000000000000000000000000000
0000100000000000000000000000000000000000100000000000000000000000000000000000000000000010000000000000000000000000000000000100000000000000000000
0000000000000000000100000000000000000000000000000000000000000000000000000010000000000000000000000000000000000000000000000000000000000000000000
0000000000000000000000000000000000000000000100000000001000000000000000000000000000000000000000000000000000000000000000000001000000100000000000
0000000000010000000000000000000010000000000000010000000000000000001000000000000010000001000000000000010000001001000000000000000000000010000000
0000100000000000000000000001000000000000000000000000100000000000000000000000000000000000000000000000000000000000000000000000000000000000000000
0000000000000000000000000000000000000010000001000000001000000000000000000000000000000100000010000000000010000000000000000000000010000000000000
0000010000100000010000000000000000000000000000000000000000000000000000000000000000000000000000000000000000000001010000000000100000000000000000
0000000000000000000000100000000000000000000000000000000000000000000001000000000000100000000000000000000000000000000000000010000000000000000000
0000000000000000000000000000000001000000000000000000000000000000010000000000101000000000000001000000000000000000100000000000000000000000000000
0000000000000000010000000000000000000000000000000000000001000000000000000000000000000001000000000000001000001000000000001000000010000000010000
0000000000000000000000000000000000000000000010000000000000000010000000000000000000000000000000000000000000000000000000000000100000000000000000
0000000000001000000000000000000001001000000000000000000000000000000000001000000010000000000001000000000000000000000000000000000000000000000000
0000000100000000000000100000001000000000000000000000000000000000001000000000000000000000000000010000000000000000000000000000010000000000000000
0000000000000000000000000000000000000000000000000000000000000000000000000000000000000000000000000000000000000000000000000000000000000000000000
0000000000000000000000000000000000000000000000000000000000000000000000000000000000000000000000000000000000000000000000000000000000000000000000
733 1 4
adding2 733 1 4
289 1 14
262 1 19
520 1 27
adding1 520 1 27
161 1 48
adding1 161 1 48
462 1 52
adding1 462 1 52
450 1 65
adding1 450 1 65
183 1 93
adding1 183 1 93
707 2 40
adding2 707 2 40
352 2 44
adding1 352 2 44
801 2 86
333 2 108
adding1 333 2 108
196 2 113
484 2 124
adding2 484 2 124
635 2 128
adding2 635 2 128
287 2 137
adding2 287 2 137
42 3 5
adding2 42 3 5
131 3 16
adding2 131 3 16
913 3 23
adding1 913 3 23
634 3 58
adding1 634 3 58
440 3 79
adding1 440 3 79
83 3 100
404 3 119
adding1 404 3 119
423 3 133
618 4 1
272 4 11
adding2 272 4 11
547 4 35
adding1 547 4 35
344 4 39
adding2 344 4 39
689 4 70
adding1 689 4 70
589 4 74
adding1 589 4 74
150 4 83
adding2 150 4 83
382 4 92
adding1 382 4 92
168 4 128
adding2 168 4 128
433 4 137
adding2 433 4 137
253 5 27
adding2 253 5 27
102 5 31
adding1 102 5 31
78 5 51
adding2 78 5 51
804 5 60
858 5 98
69 6 4
adding2 69 6 4
37 6 14
adding1 37 6 14
510 6 19
adding1 510 6 19
797 6 23
adding2 797 6 23
596 6 37
adding1 596 6 37
946 6 41
adding1 946 6 41
602 6 87
adding1 602 6 87
175 6 91
adding1 175 6 91
203 6 109
100 6 114
adding2 100 6 114
681 6 127
adding1 681 6 127
546 6 137
110 7 10
adding1 110 7 10
396 7 47
adding1 396 7 47
858 7 56
adding1 858 7 56
381 7 67
adding2 381 7 67
246 7 98
adding1 246 7 98
637 7 102
adding1 637 7 102
391 7 118
adding1 391 7 118
973 8 4
adding2 973 8 4
274 8 15
adding1 274 8 15
551 8 20
adding1 551 8 20
576 8 36
adding2 576 8 36
21 8 40
adding1 21 8 40
176 8 109
adding2 176 8 109
181 8 124
883 8 128
adding2 883 8 128
223 9 8
adding1 223 9 8
649 9 52
adding2 649 9 52
701 9 56
adding1 701 9 56
936 9 60
adding1 936 9 60
17 9 66
adding2 17 9 66
482 9 70
adding1 482 9 70
80 9 83
adding2 80 9 83
210 9 96
adding1 210 9 96
563 9 120
adding1 563 9 120
222 9 134
adding1 222 9 134
373 10 2
adding1 373 10 2
532 10 26
adding2 532 10 26
707 10 33
adding2 707 10 33
956 10 43
adding2 956 10 43
927 10 79
adding1 927 10 79
698 10 90
adding1 698 10 90
763 10 104
adding2 763 10 104
275 10 116
adding1 275 10 116
27 10 125
adding2 27 10 125
498 10 129
adding2 498 10 129
719 11 48
adding2 719 11 48
540 11 55
adding1 540 11 55
24 11 67
adding1 24 11 67
39 11 84
adding1 39 11 84
514 11 109
adding2 514 11 109
126 11 121
adding1 126 11 121
974 12 6
adding1 974 12 6
952 12 16
adding1 952 12 16
308 12 20
adding1 308 12 20
965 12 36
adding1 965 12 36
450 12 43
adding2 450 12 43
4 12 59
adding1 4 12 59
343 12 61
adding2 343 12 61
772 12 70
adding2 772 12 70
437 12 90
adding1 437 12 90
309 12 130
adding1 309 12 130
58 13 13
adding2 58 13 13
840 13 25
adding2 840 13 25
34 13 33
adding1 34 13 33
877 13 51
189 13 75
adding2 189 13 75
186 13 97
adding1 186 13 97
657 13 106
adding1 657 13 106
670 13 110
adding2 670 13 110
854 13 137
22 14 5
adding1 22 14 5
406 14 8
adding1 406 14 8
883 14 20
880 14 42
adding2 880 14 42
939 14 56
adding2 939 14 56
58 14 94
adding1 58 14 94
387 14 101
adding2 387 14 101
587 15 12
adding2 587 15 12
564 15 24
adding1 564 15 24
599 15 34
adding2 599 15 34
831 15 79
adding2 831 15 79
891 15 83
adding1 891 15 83
552 15 90
adding2 552 15 90
534 15 105
adding1 534 15 105
802 15 115
adding1 802 15 115
975 15 119
adding1 975 15 119
960 15 123
adding1 960 15 123
346 15 127
adding1 346 15 127
792 16 2
adding1 792 16 2
828 16 20
adding2 828 16 20
807 16 40
adding1 807 16 40
6 16 44
adding2 6 16 44
326 16 56
adding2 326 16 56
324 16 63
adding2 324 16 63
722 16 69
adding1 722 16 69
334 16 75
adding2 334 16 75
895 17 46
adding1 895 17 46
764 17 51
adding1 764 17 51
611 17 80
adding2 611 17 80
79 17 93
adding1 79 17 93
461 17 102
adding1 461 17 102
546 17 108
adding1 546 17 108
940 17 112
adding1 940 17 112
818 17 118
346 17 122
247 17 135
adding1 247 17 135
473 18 10
adding2 473 18 10
288 18 35
adding2 288 18 35
932 18 66
adding2 932 18 66
590 18 74
adding1 590 18 74
918 18 88
adding2 918 18 88
791 18 97
adding2 791 18 97
621 19 6
adding1 621 19 6
129 19 42
adding1 129 19 42
425 19 49
10 19 53
adding1 10 19 53
419 19 82
166 19 103
adding1 166 19 103
11 19 113
adding1 11 19 113
831 19 134
adding2 831 19 134
119 20 1
302 20 12
adding2 302 20 12
832 20 16
adding2 832 20 16
159 20 32
adding1 159 20 32
506 20 36
adding2 506 20 36
229 20 57
adding1 229 20 57
493 20 65
39 20 72
adding1 39 20 72
587 20 89
adding2 587 20 89
523 20 96
adding1 523 20 96
610 20 117
adding2 610 20 117
805 20 123
adding1 805 20 123
559 20 127
adding1 559 20 127
971 21 7
229 21 28
adding1 229 21 28
961 21 42
adding1 961 21 42
139 21 53
adding2 139 21 53
411 21 79
adding2 411 21 79
554 21 100
adding1 554 21 100
26 21 107
adding1 26 21 107
90 21 110
adding1 90 21 110
463 22 12
adding1 463 22 12
615 22 16
adding2 615 22 16
315 22 38
422 22 85
adding1 422 22 85
109 22 95
adding2 109 22 95
247 22 113
adding1 247 22 113
231 22 132
adding1 231 22 132
56 22 136
adding2 56 22 136
279 23 3
adding1 279 23 3
159 23 7
adding1 159 23 7
126 23 23
adding1 126 23 23
569 23 29
adding2 569 23 29
906 23 47
adding1 906 23 47
20 23 52
adding1 20 23 52
990 23 64
adding2 990 23 64
27 23 77
960 23 126
adding1 960 23 126
364 24 12
adding1 364 24 12
812 24 19
adding1 812 24 19
812 24 43
adding1 812 24 43
369 24 57
176 24 71
adding1 176 24 71
15 24 96
adding2 15 24 96
346 24 99
adding1 346 24 99
908 24 112
adding2 908 24 112
828 24 118
adding1 828 24 118
650 24 132
adding1 650 24 132
842 25 2
adding1 842 25 2
771 25 6
adding1 771 25 6
189 25 29
adding2 189 25 29
9 25 34
adding1 9 25 34
42 25 50
adding2 42 25 50
897 25 67
adding1 897 25 67
479 25 86
adding2 479 25 86
99 25 106
adding2 99 25 106
842 26 17
adding1 842 26 17
356 26 21
adding1 356 26 21
849 26 25
adding1 849 26 25
336 26 43
adding2 336 26 43
201 26 53
adding2 201 26 53
412 26 72
adding1 412 26 72
205 26 98
adding1 205 26 98
956 26 121
adding2 956 26 121
319 26 129
adding1 319 26 129
383 26 133
adding1 383 26 133
438 27 4
adding1 438 27 4
62 27 66
adding1 62 27 66
348 27 80
adding2 348 27 80
54 27 118
adding1 54 27 118
302 27 125
adding1 302 27 125
298 27 137
adding1 298 27 137
318 28 10
adding2 318 28 10
264 28 29
adding1 264 28 29
28 28 37
adding2 28 28 37
259 28 42
adding1 259 28 42
824 28 47
adding2 824 28 47
306 28 52
adding2 306 28 52
249 28 58
adding2 249 28 58
392 28 70
adding2 392 28 70
444 28 76
adding2 444 28 76
889 28 91
adding1 889 28 91
418 28 97
adding2 418 28 97
945 28 104
496 28 110
adding2 496 28 110
610 29 17
adding1 610 29 17
160 29 21
adding1 160 29 21
699 29 80
adding2 699 29 80
987 29 86
adding1 987 29 86
125 30 12
adding1 125 30 12
292 30 35
adding1 292 30 35
514 30 45
adding1 514 30 45
165 30 74
adding2 165 30 74
672 30 97
adding1 672 30 97
551 30 105
adding2 551 30 105
194 30 109
adding2 194 30 109
426 30 113
53 30 122
adding1 53 30 122
500 30 127
adding2 500 30 127
599 30 131
adding1 599 30 131
278 30 137
275 31 2
adding1 275 31 2
192 31 6
adding1 192 31 6
854 31 39
adding2 854 31 39
190 31 59
adding2 190 31 59
40 31 80
adding2 40 31 80
662 31 84
adding2 662 31 84
706 31 88
adding2 706 31 88
774 31 93
adding1 774 31 93
840 32 16
adding1 840 32 16
638 32 24
adding1 638 32 24
82 32 32
adding1 82 32 32
520 32 53
adding2 520 32 53
190 32 112
adding1 190 32 112
719 32 118
adding2 719 32 118
34 32 128
adding1 34 32 128
620 32 134
adding2 620 32 134
532 33 12
adding1 532 33 12
521 33 20
adding1 521 33 20
423 33 59
adding2 423 33 59
75 33 64
adding1 75 33 64
29 33 94
258 33 103
adding2 258 33 103
605 33 107
adding1 605 33 107
37 34 28
354 34 41
adding1 354 34 41
453 34 46
adding1 453 34 46
248 34 54
adding2 248 34 54
561 34 70
adding2 561 34 70
481 34 74
adding2 481 34 74
727 34 81
adding2 727 34 81
437 34 88
adding2 437 34 88
969 34 99
adding2 969 34 99
243 34 112
adding1 243 34 112
183 35 35
adding2 183 35 35
250 35 66
adding2 250 35 66
312 35 92
adding2 312 35 92
150 35 105
adding2 150 35 105
229 35 124
624 36 4
adding1 624 36 4
454 36 10
adding1 454 36 10
710 36 14
adding1 710 36 14
30 36 54
adding1 30 36 54
308 36 60
adding1 308 36 60
381 36 114
adding2 381 36 114
941 36 119
adding2 941 36 119
461 36 130
adding2 461 36 130
341 36 134
adding1 341 36 134
19 37 20
adding2 19 37 20
297 37 31
adding2 297 37 31
213 37 41
adding1 213 37 41
522 37 84
adding1 522 37 84
442 37 93
adding2 442 37 93
962 37 108
adding2 962 37 108
92 37 127
324 38 50
adding2 324 38 50
663 38 54
775 38 69
adding2 775 38 69
290 38 75
adding1 290 38 75
301 38 80
adding1 301 38 80
15 38 102
adding1 15 38 102
780 38 117
adding2 780 38 117
562 38 138
adding1 562 38 138
747 39 1
438 39 28
adding1 438 39 28
35 39 34
806 39 39
adding1 806 39 39
396 39 90
adding1 396 39 90
508 39 95
adding1 508 39 95
700 39 105
adding1 700 39 105
16 39 111
adding2 16 39 111
230 39 121
adding2 230 39 121
443 39 128
adding2 443 39 128
617 39 133
adding2 617 39 133
447 40 18
adding2 447 40 18
336 40 43
adding1 336 40 43
424 40 48
adding2 424 40 48
618 40 60
adding2 618 40 60
276 40 74
adding1 276 40 74
260 40 83
adding2 260 40 83
452 40 114
adding2 452 40 114
824 41 5
adding1 824 41 5
916 41 11
adding1 916 41 11
488 41 22
145 41 27
adding2 145 41 27
55 41 40
adding2 55 41 40
821 41 52
620 41 66
adding2 620 41 66
773 41 70
adding2 773 41 70
116 41 78
adding1 116 41 78
384 41 91
adding2 384 41 91
156 41 106
972 41 110
adding1 972 41 110
974 41 129
adding2 974 41 129
872 41 134
adding2 872 41 134
494 42 32
adding2 494 42 32
609 42 47
768 42 82
adding2 768 42 82
195 42 87
adding1 195 42 87
108 42 99
adding1 108 42 99
440 42 120
adding1 440 42 120
187 43 4
adding2 187 43 4
135 43 18
adding2 135 43 18
44 43 28
860 43 39
adding2 860 43 39
923 43 63
adding1 923 43 63
966 43 77
adding2 966 43 77
136 43 93
adding1 136 43 93
423 43 113
adding2 423 43 113
185 43 128
adding2 185 43 128
298 44 11
761 44 22
adding2 761 44 22
217 44 50
adding2 217 44 50
157 44 57
adding1 157 44 57
292 44 100
adding2 292 44 100
268 44 107
adding1 268 44 107
789 45 3
adding1 789 45 3
375 45 18
adding2 375 45 18
919 45 30
adding1 919 45 30
425 45 40
adding2 425 45 40
542 45 68
adding1 542 45 68
691 45 76
adding2 691 45 76
69 45 81
adding2 69 45 81
184 45 93
adding2 184 45 93
578 45 116
adding2 578 45 116
531 45 131
740 46 8
adding1 740 46 8
619 46 13
adding1 619 46 13
788 46 47
adding1 788 46 47
324 46 58
adding2 324 46 58
531 46 89
adding2 531 46 89
82 46 98
adding1 82 46 98
962 46 104
adding1 962 46 104
409 46 108
adding2 409 46 108
690 46 112
981 46 125
adding2 981 46 125
652 47 19
adding1 652 47 19
32 47 55
adding2 32 47 55
53 47 70
adding2 53 47 70
761 47 83
adding1 761 47 83
353 47 93
adding2 353 47 93
43 47 101
adding1 43 47 101
6 47 132
adding1 6 47 132
611 47 137
589 48 5
adding2 589 48 5
190 48 25
adding1 190 48 25
362 48 29
adding1 362 48 29
961 48 37
adding2 961 48 37
917 48 51
adding1 917 48 51
165 48 88
adding2 165 48 88
718 48 109
adding2 718 48 109
633 48 127
adding2 633 48 127
781 49 14
adding2 781 49 14
565 49 20
adding2 565 49 20
324 49 58
adding2 324 49 58
339 49 92
adding2 339 49 92
964 49 105
adding2 964 49 105
427 49 132
adding2 427 49 132
312 49 137
927 50 10
260 50 30
adding1 260 50 30
919 50 39
adding1 919 50 39
828 50 49
adding2 828 50 49
469 50 54
adding2 469 50 54
585 50 65
adding2 585 50 65
803 50 78
adding1 803 50 78
365 50 121
adding2 365 50 121
406 51 5
adding2 406 51 5
190 51 18
adding2 190 51 18
308 51 45
2 51 82
adding1 2 51 82
803 51 84
adding1 803 51 84
417 51 97
adding2 417 51 97
955 51 133
adding1 955 51 133
126 51 138
61 52 10
75 52 13
adding2 75 52 13
149 52 22
adding2 149 52 22
293 52 29
adding1 293 52 29
768 52 33
adding1 768 52 33
678 52 40
adding1 678 52 40
675 52 50
adding1 675 52 50
449 52 65
adding2 449 52 65
347 52 105
adding1 347 52 105
301 52 114
adding1 301 52 114
490 52 124
adding2 490 52 124
751 53 46
adding2 751 53 46
888 53 73
adding2 888 53 73
348 53 81
adding2 348 53 81
49 53 86
747 53 89
adding2 747 53 89
318 53 119
adding1 318 53 119
888 53 129
adding1 888 53 129
160 54 11
adding2 160 54 11
335 54 20
adding2 335 54 20
455 54 40
adding1 455 54 40
761 54 55
adding1 761 54 55
564 54 77
adding2 564 54 77
926 54 96
adding1 926 54 96
654 54 102
907 54 115
adding2 907 54 115
857 54 134
adding1 857 54 134
446 55 6
915 55 35
639 55 48
adding1 639 55 48
285 55 66
adding1 285 55 66
567 55 83
adding1 567 55 83
862 55 92
adding1 862 55 92
731 55 111
adding1 731 55 111
9 55 128
adding2 9 55 128
513 56 11
adding2 513 56 11
694 56 27
adding1 694 56 27
233 56 56
adding2 233 56 56
721 56 61
adding2 721 56 61
806 56 98
adding1 806 56 98
101 56 106
adding1 101 56 106
729 56 118
adding2 729 56 118
292 56 138
adding1 292 56 138
565 57 18
adding1 565 57 18
329 57 39
adding2 329 57 39
137 57 70
adding1 137 57 70
849 57 80
adding1 849 57 80
773 57 87
adding1 773 57 87
32 57 133
adding2 32 57 133
359 58 4
adding2 359 58 4
277 58 8
adding2 277 58 8
849 58 13
adding1 849 58 13
399 58 22
adding1 399 58 22
274 58 43
adding2 274 58 43
535 58 50
adding2 535 58 50
348 58 57
adding2 348 58 57
950 58 61
adding2 950 58 61
553 58 117
adding2 553 58 117
607 58 122
adding2 607 58 122
146 59 30
564 59 34
adding2 564 59 34
818 59 38
adding1 818 59 38
438 59 68
adding2 438 59 68
343 59 85
adding2 343 59 85
945 59 90
85 59 99
adding2 85 59 99
162 59 113
adding2 162 59 113
67 60 8
adding2 67 60 8
374 60 11
adding2 374 60 11
593 60 17
adding1 593 60 17
740 60 25
adding2 740 60 25
553 60 44
adding2 553 60 44
795 60 50
adding2 795 60 50
664 60 55
adding2 664 60 55
493 60 78
adding1 493 60 78
971 60 119
adding2 971 60 119
510 61 4
adding2 510 61 4
843 61 21
adding2 843 61 21
791 61 31
adding1 791 61 31
277 61 36
adding1 277 61 36
958 61 61
adding2 958 61 61
489 61 84
adding2 489 61 84
657 61 108
adding1 657 61 108
213 61 112
adding1 213 61 112
610 61 124
adding1 610 61 124
193 61 132
adding1 193 61 132
12 62 51
adding1 12 62 51
531 62 57
adding1 531 62 57
167 62 66
659 62 75
adding1 659 62 75
521 62 90
adding1 521 62 90
157 62 96
adding1 157 62 96
896 62 104
adding1 896 62 104
503 62 118
adding2 503 62 118
241 62 136
adding1 241 62 136
257 63 1
adding1 257 63 1
171 63 6
adding1 171 63 6
245 63 10
adding1 245 63 10
959 63 17
adding1 959 63 17
109 63 44
adding1 109 63 44
454 63 79
adding1 454 63 79
239 63 100
adding1 239 63 100
203 64 63
adding2 203 64 63
359 64 88
adding1 359 64 88
330 64 92
adding1 330 64 92
846 64 96
adding1 846 64 96
751 64 107
adding2 751 64 107
382 64 113
adding2 382 64 113
985 64 117
adding1 985 64 117
646 64 130
adding1 646 64 130
624 65 3
adding2 624 65 3
453 65 14
870 65 35
adding2 870 65 35
890 65 44
adding1 890 65 44
662 65 51
adding2 662 65 51
371 65 67
adding2 371 65 67
311 65 72
adding2 311 65 72
739 65 78
adding2 739 65 78
817 65 136
adding2 817 65 136
250 66 56
adding2 250 66 56
54 66 64
adding1 54 66 64
182 66 98
adding2 182 66 98
237 66 112
adding2 237 66 112
261 66 120
adding1 261 66 120
250 66 125
adding2 250 66 125
743 67 17
946 67 27
adding1 946 67 27
943 67 35
adding2 943 67 35
414 67 43
adding1 414 67 43
80 67 50
adding1 80 67 50
751 67 69
159 67 84
adding1 159 67 84
448 67 89
adding1 448 67 89
91 67 106
adding1 91 67 106
529 67 138
adding1 529 67 138
683 68 1
adding1 683 68 1
370 68 13
adding2 370 68 13
569 68 39
adding1 569 68 39
131 68 61
adding2 131 68 61
34 68 76
adding1 34 68 76
736 68 93
adding1 736 68 93
434 68 109
adding1 434 68 109
929 68 113
adding1 929 68 113
127 68 125
adding2 127 68 125
110 69 6
adding2 110 69 6
48 69 19
644 69 31
adding1 644 69 31
467 69 43
adding2 467 69 43
92 69 79
adding2 92 69 79
673 69 86
adding2 673 69 86
718 69 97
adding1 718 69 97
697 69 105
adding2 697 69 105
979 69 121
745 70 2
adding2 745 70 2
503 70 12
adding2 503 70 12
288 70 22
adding1 288 70 22
827 70 27
adding2 827 70 27
911 70 35
adding1 911 70 35
79 70 53
adding1 79 70 53
290 70 57
191 70 61
adding2 191 70 61
230 70 116
adding2 230 70 116
517 70 129
adding2 517 70 129
551 71 16
adding1 551 71 16
192 71 39
adding1 192 71 39
917 71 47
adding2 917 71 47
597 71 65
adding2 597 71 65
479 71 71
adding1 479 71 71
316 71 79
adding2 316 71 79
743 71 83
adding2 743 71 83
122 71 125
adding2 122 71 125
529 72 5
adding2 529 72 5
461 72 9
adding2 461 72 9
793 72 30
adding2 793 72 30
633 72 43
adding1 633 72 43
604 72 87
adding2 604 72 87
320 72 99
adding2 320 72 99
393 72 109
adding1 393 72 109
599 72 114
adding2 599 72 114
717 72 131
adding1 717 72 131
768 73 1
567 73 24
adding1 567 73 24
144 73 34
adding1 144 73 34
545 73 51
adding2 545 73 51
6 73 70
adding1 6 73 70
591 73 75
adding2 591 73 75
216 73 92
adding1 216 73 92
73 73 103
adding1 73 73 103
215 73 121
adding1 215 73 121
842 73 126
adding2 842 73 126
783 74 6
adding2 783 74 6
855 74 13
adding2 855 74 13
196 74 28
909 74 47
adding2 909 74 47
537 74 59
adding2 537 74 59
435 74 81
adding2 435 74 81
874 74 96
adding1 874 74 96
902 74 106
adding2 902 74 106
657 74 110
adding2 657 74 110
449 74 138
adding1 449 74 138
510 75 24
adding1 510 75 24
28 75 35
adding1 28 75 35
605 75 51
adding2 605 75 51
468 75 67
adding2 468 75 67
630 75 88
418 75 115
adding1 418 75 115
701 75 133
adding2 701 75 133
397 76 7
748 76 15
adding1 748 76 15
487 76 41
adding1 487 76 41
521 76 46
adding2 521 76 46
934 76 55
adding2 934 76 55
992 76 78
adding1 992 76 78
160 76 92
adding2 160 76 92
477 76 102
adding2 477 76 102
916 77 2
adding1 916 77 2
476 77 22
adding1 476 77 22
651 77 26
adding2 651 77 26
462 77 31
adding2 462 77 31
464 77 60
adding2 464 77 60
425 77 85
adding2 425 77 85
531 77 107
adding1 531 77 107
735 77 113
adding1 735 77 113
878 77 123
853 77 131
adding1 853 77 131
965 78 54
adding2 965 78 54
754 78 70
adding1 754 78 70
3 78 75
657 78 78
adding2 657 78 78
92 78 104
adding2 92 78 104
838 78 119
adding2 838 78 119
116 79 6
adding1 116 79 6
469 79 14
adding2 469 79 14
498 79 20
adding2 498 79 20
537 79 31
adding1 537 79 31
666 79 36
adding1 666 79 36
622 79 43
adding1 622 79 43
237 79 59
adding2 237 79 59
204 79 85
adding1 204 79 85
242 79 99
adding1 242 79 99
599 79 127
adding1 599 79 127
283 80 48
adding1 283 80 48
283 80 63
adding1 283 80 63
919 80 68
adding2 919 80 68
638 80 80
adding2 638 80 80
452 80 94
794 80 103
adding1 794 80 103
204 80 112
adding1 204 80 112
326 80 116
adding2 326 80 116
168 80 138
541 81 28
adding2 541 81 28
544 81 55
adding2 544 81 55
183 81 74
adding1 183 81 74
67 81 85
adding1 67 81 85
903 81 89
adding1 903 81 89
75 81 122
adding2 75 81 122
512 81 125
605 81 130
adding2 605 81 130
860 82 1
adding1 860 82 1
455 82 42
adding1 455 82 42
730 82 49
adding2 730 82 49
143 82 79
adding2 143 82 79
366 82 113
adding2 366 82 113
59 82 135
adding1 59 82 135
447 83 19
adding1 447 83 19
916 83 26
adding2 916 83 26
127 83 34
adding1 127 83 34
60 83 57
adding1 60 83 57
572 83 97
adding2 572 83 97
658 83 101
adding2 658 83 101
891 83 107
adding2 891 83 107
300 83 117
adding2 300 83 117
674 83 125
adding2 674 83 125
733 83 129
adding2 733 83 129
768 84 2
adding2 768 84 2
522 84 50
adding2 522 84 50
28 84 54
870 84 63
adding2 870 84 63
89 84 76
adding2 89 84 76
764 84 86
adding1 764 84 86
606 85 13
adding1 606 85 13
798 85 40
adding1 798 85 40
298 85 57
adding1 298 85 57
342 85 70
adding2 342 85 70
430 85 79
adding2 430 85 79
668 85 90
adding1 668 85 90
485 85 102
adding1 485 85 102
270 85 106
adding1 270 85 106
265 85 110
adding1 265 85 110
893 85 116
adding2 893 85 116
524 85 138
adding1 524 85 138
880 86 9
adding1 880 86 9
88 86 20
adding2 88 86 20
907 86 24
adding2 907 86 24
239 86 36
adding1 239 86 36
509 86 49
adding2 509 86 49
406 86 63
adding2 406 86 63
264 86 94
adding1 264 86 94
829 86 122
adding2 829 86 122
991 86 133
adding2 991 86 133
850 87 5
adding2 850 87 5
913 87 32
adding1 913 87 32
302 87 67
adding2 302 87 67
228 87 73
adding1 228 87 73
601 87 84
adding1 601 87 84
63 87 91
adding1 63 87 91
414 87 100
156 87 108
adding1 156 87 108
310 87 128
adding2 310 87 128
184 88 19
adding2 184 88 19
260 88 37
adding2 260 88 37
748 88 50
adding2 748 88 50
149 88 77
adding2 149 88 77
895 88 112
adding2 895 88 112
697 88 120
adding2 697 88 120
66 88 132
adding2 66 88 132
483 89 11
adding1 483 89 11
500 89 26
adding1 500 89 26
970 89 31
adding2 970 89 31
88 89 41
adding1 88 89 41
941 89 45
adding2 941 89 45
25 89 59
adding2 25 89 59
623 89 66
adding2 623 89 66
436 89 72
adding2 436 89 72
278 89 100
adding1 278 89 100
522 89 127
adding1 522 89 127
885 90 53
adding2 885 90 53
848 90 76
adding2 848 90 76
260 90 87
adding2 260 90 87
579 90 105
adding1 579 90 105
950 90 117
adding1 950 90 117
948 90 131
adding2 948 90 131
270 91 12
736 91 33
adding2 736 91 33
245 91 41
adding2 245 91 41
936 91 58
adding2 936 91 58
512 91 62
adding2 512 91 62
790 91 122
adding1 790 91 122
634 92 22
adding1 634 92 22
764 92 28
adding2 764 92 28
488 92 51
adding2 488 92 51
454 92 70
46 92 88
adding2 46 92 88
995 92 91
adding2 995 92 91
344 92 102
adding2 344 92 102
59 92 108
adding1 59 92 108
135 92 112
adding2 135 92 112
851 92 128
adding1 851 92 128
949 92 135
adding1 949 92 135
808 93 1
214 93 11
adding2 214 93 11
610 93 59
adding1 610 93 59
185 93 97
adding1 185 93 97
812 94 38
606 94 49
383 94 80
adding1 383 94 80
218 94 101
adding1 218 94 101
355 94 107
adding1 355 94 107
804 94 127
adding2 804 94 127
687 94 132
adding1 687 94 132
751 95 6
adding2 751 95 6
476 95 10
adding2 476 95 10
145 95 19
adding1 145 95 19
991 95 27
adding1 991 95 27
314 95 31
adding2 314 95 31
123 95 59
adding1 123 95 59
917 95 67
adding1 917 95 67
434 95 76
adding1 434 95 76
634 95 85
adding2 634 95 85
805 95 113
adding2 805 95 113
15 95 120
adding1 15 95 120
25 96 14
884 96 23
adding1 884 96 23
526 96 42
adding1 526 96 42
20 96 64
adding1 20 96 64
328 96 81
adding2 328 96 81
672 96 90
adding2 672 96 90
245 96 94
adding2 245 96 94
392 96 102
adding1 392 96 102
423 96 106
adding1 423 96 106
83 96 126
adding1 83 96 126
484 96 132
adding1 484 96 132
581 96 136
adding2 581 96 136
440 97 31
adding2 440 97 31
759 97 35
adding2 759 97 35
124 97 50
adding1 124 97 50
397 97 54
adding1 397 97 54
779 97 60
adding1 779 97 60
752 97 70
adding2 752 97 70
303 97 74
adding2 303 97 74
764 97 98
adding1 764 97 98
376 97 118
adding2 376 97 118
806 97 122
adding2 806 97 122
401 98 2
976 98 7
adding2 976 98 7
75 98 13
adding2 75 98 13
765 98 19
adding2 765 98 19
430 98 85
adding1 430 98 85
796 98 130
adding2 796 98 130
82 98 137
adding1 82 98 137
474 99 27
adding1 474 99 27
2 99 33
351 99 36
adding1 351 99 36
287 99 43
adding2 287 99 43
731 99 79
adding1 731 99 79
976 99 101
960 99 113
adding1 960 99 113
381 99 118
adding2 381 99 118
192 99 123
adding2 192 99 123
808 100 9
adding2 808 100 9
959 100 20
adding2 959 100 20
322 100 52
adding1 322 100 52
243 100 61
adding1 243 100 61
534 100 67
adding2 534 100 67
134 100 71
adding2 134 100 71
828 100 75
adding1 828 100 75
95 100 95
adding2 95 100 95
241 100 106
adding2 241 100 106
388 100 128
adding1 388 100 128
567 100 134
511 101 15
adding1 511 101 15
435 101 24
825 101 36
adding1 825 101 36
742 101 89
adding2 742 101 89
888 101 121
adding1 888 101 121
53 102 5
adding2 53 102 5
191 102 75
adding1 191 102 75
933 102 83
adding1 933 102 83
454 102 94
adding2 454 102 94
649 102 116
adding2 649 102 116
993 103 22
adding1 993 103 22
430 103 27
adding1 430 103 27
624 103 35
adding1 624 103 35
817 103 46
adding2 817 103 46
102 103 50
660 103 60
157 103 88
adding1 157 103 88
845 103 127
adding2 845 103 127
466 104 12
adding1 466 104 12
692 104 17
adding2 692 104 17
987 104 56
adding2 987 104 56
381 104 68
adding2 381 104 68
746 104 75
adding1 746 104 75
744 104 96
adding1 744 104 96
722 104 110
adding1 722 104 110
340 104 122
adding2 340 104 122
526 105 3
adding1 526 105 3
74 105 26
adding1 74 105 26
810 105 30
adding2 810 105 30
257 105 37
adding2 257 105 37
941 105 81
adding2 941 105 81
898 105 86
adding2 898 105 86
769 105 116
adding2 769 105 116
480 105 126
adding1 480 105 126
658 106 9
adding1 658 106 9
338 106 15
adding2 338 106 15
107 106 19
adding2 107 106 19
563 106 42
adding1 563 106 42
550 106 47
adding2 550 106 47
388 106 58
adding1 388 106 58
542 106 66
adding1 542 106 66
112 106 96
adding2 112 106 96
572 106 105
adding1 572 106 105
553 106 130
adding2 553 106 130
588 106 136
adding1 588 106 136
631 107 1
641 107 23
adding2 641 107 23
759 107 28
adding1 759 107 28
880 107 37
adding2 880 107 37
740 107 62
adding1 740 107 62
247 107 73
adding2 247 107 73
310 107 126
adding1 310 107 126
888 108 51
3 108 78
adding1 3 108 78
154 108 83
adding1 154 108 83
790 108 90
adding2 790 108 90
24 108 95
adding2 24 108 95
847 108 99
adding1 847 108 99
767 108 109
adding1 767 108 109
933 108 118
adding1 933 108 118
790 109 6
adding2 790 109 6
684 109 12
669 109 19
adding2 669 109 19
626 109 34
adding1 626 109 34
324 109 41
862 109 56
adding2 862 109 56
77 109 65
adding1 77 109 65
627 109 74
adding1 627 109 74
809 109 113
adding1 809 109 113
922 109 130
adding1 922 109 130
913 109 135
adding2 913 109 135
243 110 28
adding1 243 110 28
372 110 49
adding1 372 110 49
878 110 70
adding1 878 110 70
155 110 80
adding1 155 110 80
36 110 84
adding1 36 110 84
656 110 89
adding2 656 110 89
917 110 107
adding1 917 110 107
935 111 5
adding2 935 111 5
184 111 12
adding1 184 111 12
888 111 20
adding2 888 111 20
357 111 24
adding1 357 111 24
917 111 32
adding2 917 111 32
797 111 37
293 111 44
427 111 62
adding2 427 111 62
665 111 93
adding1 665 111 93
766 111 98
adding1 766 111 98
986 111 120
adding1 986 111 120
671 111 130
adding1 671 111 130
93 112 68
247 112 71
adding1 247 112 71
641 112 102
adding1 641 112 102
598 112 109
adding2 598 112 109
459 112 138
adding1 459 112 138
922 113 25
adding1 922 113 25
295 113 29
adding1 295 113 29
664 113 34
adding1 664 113 34
188 113 52
adding1 188 113 52
481 113 57
35 113 88
adding1 35 113 88
806 113 119
adding2 806 113 119
107 113 129
adding1 107 113 129
32 113 133
adding1 32 113 133
261 114 11
adding2 261 114 11
113 114 16
adding1 113 114 16
456 114 40
adding2 456 114 40
916 114 62
adding1 916 114 62
480 114 67
adding1 480 114 67
942 114 74
adding2 942 114 74
848 114 78
adding2 848 114 78
781 114 102
adding1 781 114 102
3 114 106
adding1 3 114 106
146 114 108
adding2 146 114 108
168 114 113
adding2 168 114 113
222 114 138
adding1 222 114 138
137 115 1
adding1 137 115 1
243 115 29
783 115 46
adding1 783 115 46
940 115 56
adding1 940 115 56
155 115 86
25 115 96
adding1 25 115 96
902 115 117
adding1 902 115 117
217 115 128
adding1 217 115 128
460 116 9
adding2 460 116 9
140 116 17
adding1 140 116 17
170 116 22
adding2 170 116 22
283 116 50
adding1 283 116 50
647 116 62
adding1 647 116 62
501 116 68
adding2 501 116 68
359 116 76
adding1 359 116 76
365 116 82
adding1 365 116 82
491 116 92
adding1 491 116 92
869 116 104
adding2 869 116 104
103 116 109
adding2 103 116 109
941 117 33
adding2 941 117 33
75 117 54
adding2 75 117 54
282 117 72
adding2 282 117 72
786 117 97
adding1 786 117 97
741 117 113
adding1 741 117 113
686 117 117
adding2 686 117 117
24 117 126
adding1 24 117 126
527 118 1
adding1 527 118 1
109 118 29
adding1 109 118 29
522 118 37
79 118 59
adding1 79 118 59
575 118 67
adding1 575 118 67
810 118 101
adding1 810 118 101
373 118 107
adding1 373 118 107
444 118 122
adding1 444 118 122
37 119 8
adding1 37 119 8
331 119 25
adding1 331 119 25
714 119 45
adding1 714 119 45
62 119 79
adding1 62 119 79
43 119 85
983 119 113
adding1 983 119 113
446 119 117
adding2 446 119 117
79 119 133
adding2 79 119 133
886 120 1
adding1 886 120 1
40 120 49
adding1 40 120 49
506 120 68
adding1 506 120 68
421 120 72
adding1 421 120 72
726 120 89
adding2 726 120 89
171 120 104
adding1 171 120 104
676 120 122
adding1 676 120 122
964 120 126
adding1 964 120 126
651 121 17
adding1 651 121 17
301 121 24
500 121 29
adding1 500 121 29
497 121 34
adding2 497 121 34
601 121 44
adding1 601 121 44
263 121 58
adding1 263 121 58
675 121 62
adding1 675 121 62
136 121 79
adding1 136 121 79
56 121 83
adding1 56 121 83
836 121 117
adding1 836 121 117
264 121 135
adding1 264 121 135
229 122 9
156 122 40
adding2 156 122 40
495 122 48
adding1 495 122 48
769 122 53
adding2 769 122 53
597 122 94
adding1 597 122 94
355 122 104
adding1 355 122 104
365 122 123
adding1 365 122 123
379 122 129
adding1 379 122 129
539 123 5
adding2 539 123 5
933 123 19
adding2 933 123 19
138 123 44
402 123 65
730 123 71
adding2 730 123 71
718 123 98
adding1 718 123 98
12 123 108
adding2 12 123 108
63 124 14
adding2 63 124 14
368 124 40
adding2 368 124 40
691 124 48
adding2 691 124 48
772 124 114
adding1 772 124 114
116 124 129
adding1 116 124 129
501 125 5
adding2 501 125 5
777 125 20
adding1 777 125 20
673 125 30
adding2 673 125 30
728 125 35
613 125 44
467 125 52
adding2 467 125 52
688 125 59
adding2 688 125 59
526 125 68
adding1 526 125 68
387 125 74
adding1 387 125 74
726 125 80
adding1 726 125 80
568 125 91
adding1 568 125 91
260 125 95
adding2 260 125 95
456 125 100
adding2 456 125 100
64 125 125
403 126 1
adding1 403 126 1
311 126 63
adding2 311 126 63
387 126 84
adding2 387 126 84
437 126 104
901 126 110
adding1 901 126 110
744 126 116
adding2 744 126 116
929 126 120
adding2 929 126 120
825 127 28
adding1 825 127 28
867 127 52
adding2 867 127 52
994 127 80
adding1 994 127 80
346 127 95
adding2 346 127 95
285 127 135
260 128 5
adding1 260 128 5
892 128 16
adding1 892 128 16
294 128 37
adding1 294 128 37
172 128 119
adding2 172 128 119
730 128 127
adding1 730 128 127
743 129 9
adding2 743 129 9
610 129 20
adding1 610 129 20
954 129 32
adding2 954 129 32
44 129 41
adding1 44 129 41
46 129 45
adding1 46 129 45
606 129 51
adding1 606 129 51
718 129 73
adding2 718 129 73
963 129 82
970 129 86
adding2 970 129 86
863 129 98
adding1 863 129 98
772 129 106
adding2 772 129 106
284 130 1
adding1 284 130 1
950 130 24
adding1 950 130 24
425 130 102
adding1 425 130 102
625 130 112
adding1 625 130 112
479 130 120
adding1 479 130 120
305 130 124
adding1 305 130 124
331 130 128
adding2 331 130 128
139 131 8
adding1 139 131 8
976 131 31
adding2 976 131 31
32 131 42
655 131 66
adding2 655 131 66
233 131 79
adding2 233 131 79
373 131 83
adding2 373 131 83
870 131 91
adding2 870 131 91
431 131 96
17 131 133
adding2 17 131 133
399 132 1
adding1 399 132 1
820 132 15
adding2 820 132 15
844 132 26
adding2 844 132 26
744 132 46
adding1 744 132 46
353 132 50
adding2 353 132 50
370 132 74
135 132 108
adding1 135 132 108
700 132 113
adding2 700 132 113
364 133 6
adding1 364 133 6
266 133 22
adding2 266 133 22
295 133 36
adding2 295 133 36
486 133 55
adding1 486 133 55
932 133 68
adding2 932 133 68
98 133 81
adding2 98 133 81
311 133 84
adding2 311 133 84
319 133 91
adding2 319 133 91
599 133 104
adding2 599 133 104
98 133 121
adding2 98 133 121
202 133 129
adding1 202 133 129
768 134 10
adding2 768 134 10
982 134 32
adding2 982 134 32
413 134 62
adding1 413 134 62
185 134 74
adding2 185 134 74
637 134 99
48 134 109
adding1 48 134 109
132 134 124
adding2 132 134 124
239 135 22
adding2 239 135 22
551 135 55
adding2 551 135 55
38 135 66
adding1 38 135 66
111 135 69
adding2 111 135 69
778 135 84
adding1 778 135 84
856 135 90
adding1 856 135 90
25 135 94
adding1 25 135 94
605 135 104
355 135 117
adding1 355 135 117
230 135 129
adding1 230 135 129
105 136 4
879 136 31
adding2 879 136 31
264 136 42
adding2 264 136 42
177 136 49
783 136 59
adding1 783 136 59
839 136 74
adding2 839 136 74
682 136 78
adding2 682 136 78
756 136 113
adding1 756 136 113
415 136 124
adding2 415 136 124
589 136 134
adding1 589 136 134
438 137 14
adding1 438 137 14
428 137 37
adding1 428 137 37
465 137 54
adding1 465 137 54
194 137 63
adding1 194 137 63
803 137 86
adding2 803 137 86
100 137 93
adding2 100 137 93
955 137 99
adding1 955 137 99
238 137 103
adding1 238 137 103
836 137 108
adding2 836 137 108
767 137 120
adding2 767 137 120
555 137 128
adding2 555 137 128
86 138 6
adding2 86 138 6
702 138 21
adding2 702 138 21
363 138 44
adding2 363 138 44
630 138 73
adding1 630 138 73
737 138 77
adding1 737 138 77
259 138 137
256 139 12
adding2 256 139 12
57 139 33
adding2 57 139 33
806 139 37
adding1 806 139 37
591 139 63
adding1 591 139 63
348 139 96
adding1 348 139 96
829 139 103
460 139 126
adding1 460 139 126
244 140 22
adding2 244 140 22
6 140 29
adding1 6 140 29
789 140 67
adding1 789 140 67
687 140 92
adding1 687 140 92
525181
